2
0
8
1 0 0
2 0 0
3 0 5
4 0 5
5 5 0
6 5 0
7 5 5
8 5 5
12
1 1 2 0
2 2 3 0
3 3 4 0
4 1 4 0
5 1 5 0
6 2 6 0
7 3 7 0
8 4 8 0
9 5 6 0
10 6 7 0
11 7 8 0
12 8 5 0
1
8
1 0 0
2 0 5
3 0 5
4 0 0
5 5 0
6 5 5
7 5 5
8 5 0
12
1 1 2 0
2 2 3 0
3 3 4 0
4 1 4 0
5 1 5 0
6 2 6 0
7 3 7 0
8 4 8 0
9 5 6 0
10 6 7 0
11 7 8 0
12 8 5 0
2
8
1 0 0
2 0 5
3 5 5
4 5 0
5 0 0
6 0 5
7 5 5
8 5 0
12
1 1 2 0
2 2 3 0
3 3 4 0
4 1 4 0
5 1 5 0
6 2 6 0
7 3 7 0
8 4 8 0
9 5 6 0
10 6 7 0
11 7 8 0
12 8 5 0
