3
20
1 0 0 0
2 10 0 0
3 10 0 2
4 9 0 2
5 1 0 2
6 0 0 2
7 0 5 0
8 10 5 0
9 10 5 2
10 9 5 2
11 1 5 2
12 0 5 2
13 0 1 5
14 1 1 5
15 1 3 5
16 0 3 5
17 9 2 8
18 10 2 8
19 10 4 8
20 9 4 8
32
1 1 2
2 2 3
3 3 4
4 4 5
5 5 6
6 6 1
7 7 8
8 8 9
9 9 10
10 10 11
11 11 12
12 12 7
13 10 20
14 5 11
15 4 10
16 9 19
17 1 7
18 2 8
19 6 13
20 5 14
21 13 14
22 13 16
23 14 15
24 16 15
25 16 12
26 15 11
27 4 17
28 3 18
29 17 18
30 17 20
31 18 19
32 20 19
14
1 6 1 2 3 4 5 6
2 6 2 18 8 16 31 28
3 6 7 8 9 10 11 12
4 6 6 17 12 25 22 19
5 4 4 15 10 14
6 4 1 18 7 17
7 4 5 19 21 20
8 4 21 23 24 22
9 4 11 25 24 26
10 4 14 26 23 20
11 4 3 28 29 27
12 4 31 32 30 29
13 4 9 16 32 13
14 4 27 30 13 15